$ANSIBLE_VAULT;1.1;AES256
64393662336264643439333661646161323437353063626462313238306335396261376532633030
6238383166366334343337653236333933656430336665640a653936356634373161643133623738
30396534653066313461373130393266313438386231623438356536663031313966633537613638
3465656465623032660a643234613564356539373132356236333163656536613361323837633638
65323039313664653262363136393563346331663031343330363832346262373738646466306137
34366362666439313965303433333537376134616162373062653232653861363132623934646132
64373965366639333965656339396337623539333737663961366530343933346236376430303366
39316537363166386362393830623338396564326566656466326531316330313435313333383530
62366566353831326534383961653637643365343066613138353137356261343262623764346631
34643234346363383966653634656130623463376632363336613738386165373339323735316439
63643561383038313662616161313566353366313464663539313061316639393163333464353335
34323034363637356536636232343832363432313961366439316337643432336433646435373135
39396261303763353636633332343632323363373464623965336364373038393764386663316438
62653761386131313337626165303265373061323432333238333633633334333838356365383333
64646262373235356361313061366166363831313762353131666565653663303831653361636638
30313365666633396164616166613366353362636664623330383430383536643863383436356632
36663632633266626139646232393838663631356164653731613663323430616566636230663665
61643238653436346664663063393238626337376231663739333833663734393265663964656536
61633962633031623438386665346332376465623439663032333739653935653961346434366565
64326137393339346463
